SampleID	Flagstaff 1 inhabitant	flagstaff	sandiego	toronto	Unknown
2RX99HRFDJUTH	0.0792	0.0842	0.0625	0.2795	0.4946
1TZMI2JTSRKP	0.0418	0.0607	0.0759	0.0928	0.7288
5Q5EDBR3WQ9FS	0.0753	0.4983	0.0182	0.0166	0.3916
4HERH86VL5HFN	0.0928	0.6348	0.0489	0.0205	0.203
4QLANGUEXA8C	0.0192	0.024	0.0268	0.0791	0.8509
7N8IJTHU1TIKX	0.1724	0.1259	0.0239	0.226	0.4518
77UDCR75EEAVC	0.4828	0.033	0.1718	0.1655	0.1469
2E7I2LD8VA0MZ	0.187	0.1485	0.0335	0.0244	0.6066
1IQ6CDX0HQUIN	0.0461	0.0229	0.0095	0.0532	0.8683
5VPUNL3C5WFQ4	0.1783	0.2181	0.0977	0.2147	0.2912
52XJNHXQ4EJ1A	0.0054	0.0189	0.006	0.0068	0.9629
1VTTIX25ZZDYS	0.0172	0.0112	0.0113	0.004	0.9563
2JSSGRKKW0J42	0.1708	0.0239	0.0578	0.047	0.7005
JLK5T4LP23IJ	0.2997	0.0474	0.378	0.0454	0.2295
2RTHOIFZJHFMS	0.0351	0.0114	0.0129	0.0123	0.9283
O1YVTJXUCWHZ	0.0028	0.0084	0.0021	0.0036	0.9831
1KWAU7NBOUGA	0.0099	0.026	0.0063	0.017	0.9408
5939U7NVM1NV8	0.0914	0.0277	0.0094	0.0271	0.8444
4SSF0K8E5316I	0.0382	0.0261	0.0175	0.0284	0.8898
3SAX7YWQDS34W	0.033	0.0986	0.0117	0.0714	0.7853
DABX5HVX7KKW	0.2156	0.0358	0.0493	0.1344	0.5649
6QCH5KT5WFGKD	0.1142	0.0703	0.3066	0.1208	0.3881
1Z5P0UANLUV9K	0.0063	0.0106	0.0072	0.007	0.9689
VX96PJA550NT	0.0082	0.0264	0.029	0.0065	0.9299
53AT9CK4PLJOV	0.3869	0.0701	0.0895	0.017	0.4365
13Y52GS1YV9OO	0.0585	0.0434	0.3169	0.1423	0.4389
6INS0WX2M6DLD	0.1953	0.1055	0.024	0.2574	0.4178
67KJHX55TUKRJ	0.2371	0.2696	0.0153	0.1578	0.3202
5RS7EX0D50PSG	0.0839	0.0518	0.0954	0.2832	0.4857
418DERBNI6FH	0.0076	0.0022	0.0048	0.0051	0.9803
66SU9FMYUYLIB	0.2107	0.1166	0.0302	0.047	0.5955
1N2QYR917D5AH	0.0178	0.0223	0.0606	0.0205	0.8788
275HVJG1KR521	0.0515	0.2016	0.3134	0.0153	0.4182
2LPRORYGO4R6V	0.0114	0.0061	0.0081	0.0161	0.9583
71LW6OKD7EAWX	0.0208	0.0459	0.0138	0.0319	0.8876
T9ZULBH0VQ0Z	0.0021	0.0025	0.001	0.004	0.9904
6BE9DJOWUWU7O	0.0502	0.0208	0.0113	0.1485	0.7692
6VLX5I5NU7IXT	0.1454	0.0853	0.1957	0.2063	0.3673
EUVQG7RR6S1M	0.0168	0.0154	0.0363	0.0462	0.8853
2PMWZXHKMZJ6I	0.0056	0.0055	0.0033	0.002	0.9836
2OMPPRULPRZSQ	0.056	0.0614	0.1986	0.1247	0.5593
4YQ895DAH7N69	0.0218	0.1114	0.0154	0.1281	0.7233
3NEZNTBM8Z0LX	0.0534	0.0485	0.0281	0.0788	0.7912
5S6K1TQ5L1POF	0.0036	0.0035	0.003	0.0066	0.9833
77FOPQZS1Y1DB	0.1253	0.0439	0.1036	0.1086	0.6186
5GU50ZQQLYPB0	0.0158	0.0242	0.0119	0.0311	0.917
2NS3KIDHVXH32	0.0164	0.0284	0.0152	0.0446	0.8954
4WA50HYLD6ADY	0.022	0.062	0.0117	0.0712	0.8331
4P0FAWWDK0WO	0.0192	0.0667	0.4479	0.0754	0.3908
1WXUZXVR8D3EX	0.0318	0.0127	0.0575	0.0469	0.8511
50ZQBKOQKPYRQ	0.1255	0.4478	0.0535	0.121	0.2522
3NJ5URZTGKGAC	0.2339	0.2359	0.018	0.0451	0.4671
72YFSLM19L8CD	0.2782	0.0553	0.0456	0.082	0.5389
2U5C7JELUB9PR	0.2949	0.2831	0.0633	0.0557	0.303
JIT384O47KJB	0.1493	0.0523	0.1181	0.4443	0.236
56EXDT9DRGQ59	0.0384	0.4284	0.0409	0.2503	0.242
2BSQS5A7PCA4P	0.0139	0.0616	0.0102	0.0565	0.8578
16ZR1HPNJ5K7H	0.0216	0.063	0.0101	0.0366	0.8687
4C9EI35Z6BKBG	0.0252	0.0154	0.0147	0.0236	0.9211
6TYV3JKTN5ROR	0.1368	0.0314	0.0731	0.0171	0.7416
67ARQ37J3B083	0.002	0.0009	0.0012	0.0019	0.994
DX6LQCGBK4LF	0.0398	0.0898	0.0225	0.0806	0.7673
5N2D9X58PP27S	0.0013	0.001	0.0006	0.0018	0.9953
5V5614FJH7U6D	0.0664	0.1243	0.0646	0.0932	0.6515
4OM9Q80N5VR4A	0.0361	0.0192	0.012	0.0533	0.8794
FM5J4YTGEES7	0.029	0.0221	0.0217	0.0165	0.9107
3XSA2SR6LL0HS	0.0223	0.0177	0.0181	0.0151	0.9268
4R675QLYL39YY	0.0295	0.0679	0.0645	0.076	0.7621
2829TE6YFNTR2	0.034	0.0638	0.0042	0.0458	0.8522
3731T3SQX6EOT	0.02	0.0347	0.0062	0.0226	0.9165
5YU7LYXKFJLDE	0.0071	0.004	0.0037	0.0096	0.9756
7IIRHRW0FNHKO	0.0515	0.0097	0.1122	0.0294	0.7972
U4P2T1VNVVB2	0.5025	0.1446	0.0486	0.1023	0.202
1Y1NJTH2DH5TF	0.0416	0.0417	0.0917	0.0616	0.7634
7LID2FF7TEIEF	0.0135	0.0191	0.0102	0.0105	0.9467
2VN4Y94K3FY79	0.0212	0.0564	0.0263	0.1939	0.7022
3LX3E68SR3LD3	0.0051	0.0072	0.0028	0.008	0.9769
5BHCOHO6JJQYH	0.0064	0.007	0.0059	0.0083	0.9724
29JTMYOMLIV6X	0.0101	0.0195	0.2904	0.0267	0.6533
76YTXEIC4C5JR	0.0172	0.0092	0.0098	0.0686	0.8952
53K5I5NBAZ3UX	0.0353	0.0241	0.0303	0.0335	0.8768
3UHX4YGIZPISS	0.0454	0.0909	0.2689	0.2344	0.3604
3H664W6ZLGAPA	0.0182	0.0086	0.0068	0.0051	0.9613
2AALLCZ4477U8	0.0033	0.0047	0.0067	0.0052	0.9801
3IVHF5B76TAUA	0.034	0.0048	0.0361	0.0254	0.8997
387FMZ46M2U36	0.0186	0.0751	0.0186	0.0791	0.8086
655FUMKA7E4B1	0.0096	0.0038	0.0123	0.0107	0.9636
OO2W6SYUE78C	0.0582	0.0132	0.0576	0.0201	0.8509
48C96XMV7GSBT	0.051	0.0426	0.0129	0.0893	0.8042
KG0B93FQ064	0.0159	0.0092	0.0775	0.3879	0.5095
4RG4BSF065QSP	0.0254	0.0547	0.0163	0.0396	0.864
2303CMX4VCS4Q	0.0583	0.0445	0.6208	0.0192	0.2572
2OXOMXXOKW1O	0.0116	0.0153	0.0077	0.0026	0.9628
34JPQT0UX8WOR	0.061	0.1818	0.1682	0.0513	0.5377
77BUIVT5QRVAY	0.0033	0.0029	0.0033	0.0015	0.989
3YJNB6RSO1Q4Y	0.0383	0.0315	0.0237	0.1035	0.803
7M0MZ5KXDRAX6	0.0328	0.2156	0.2026	0.2192	0.3298
28VJU05SKFEH7	0.0263	0.011	0.0206	0.0246	0.9175
32U5G6L2D4LND	0.0328	0.0817	0.0247	0.0246	0.8362
3MLPJZ9H8PS11	0.0033	0.0024	0.0025	0.0042	0.9876
CYN9VIQ8VH3Q	0.0334	0.0394	0.0175	0.1603	0.7494
1M0YT9248SCL1	0.0137	0.0417	0.0077	0.0066	0.9303
3IXQNFUKL4JQ8	0.0186	0.0244	0.0625	0.0194	0.8751
5CSNOOKG5EH5Q	0.0104	0.0191	0.0362	0.1079	0.8264
RMUCXH2GKVVC	0.0883	0.0143	0.079	0.0316	0.7868
23TV7JCJ6NMY5	0.0106	0.0057	0.009	0.0053	0.9694
4C625IFX1OOCD	0.033	0.0112	0.0255	0.037	0.8933
3UOIB6JS08JZM	0.0326	0.0108	0.0165	0.0232	0.9169
KVCP56C6EHYR	0.0521	0.0579	0.1441	0.2437	0.5022
P43HEC04Y30E	0.0715	0.0321	0.1781	0.0816	0.6367
3G3N7YB8D2KUX	0.1737	0.0154	0.265	0.2897	0.2562
4DPVALK9HCMIX	0.0111	0.0109	0.029	0.008	0.941
65AP2NBV9TJ7U	0.0645	0.056	0.0132	0.1715	0.6948
5HLU9H8XKUOK8	0.0887	0.292	0.0689	0.0644	0.486
2S0I354M9G018	0.0065	0.0199	0.0319	0.0124	0.9293
1MKTI3OGZ0QKP	0.1015	0.0696	0.0933	0.2244	0.5112
AISYDCB83RD2	0.0639	0.044	0.0561	0.2952	0.5408
X3B23R9K1ZT0	0.3324	0.0932	0.0745	0.0241	0.4758
2A06L0PICLGX7	0.003	0.0032	0.0032	0.0071	0.9835
43N8T3MKZM0LQ	0.0146	0.007	0.0183	0.08	0.8801
40TE7J87ZC0XB	0.0087	0.0019	0.0069	0.0033	0.9792
B801F2UPEUOP	0.009	0.0253	0.004	0.0022	0.9595
26QT8J8O8AVK0	0.0167	0.0246	0.0084	0.0554	0.8949
1KMNQ3UC3BSI6	0.005	0.0118	0.0177	0.0161	0.9494
3GMEVQU78GZM7	0.0719	0.058	0.2306	0.2667	0.3728
6EEJB57JLLULP	0.0047	0.0012	0.0025	0.0027	0.9889
J3S3DFGB8L32	0.1228	0.0119	0.1026	0.115	0.6477
3KXKGYL96U1JL	0.2555	0.0628	0.0832	0.0095	0.589
3PTZS6JMMOQB3	0.0542	0.0708	0.0548	0.2683	0.5519
541U1NZLG1VJ2	0.0051	0.0034	0.0029	0.0128	0.9758
6V65E7RLRFMCN	0.0153	0.004	0.0046	0.0155	0.9606
7IPLL57JJG5T5	0.0278	0.0298	0.0134	0.0925	0.8365
5943Y4IZDM01Z	0.0209	0.105	0.029	0.1034	0.7417
12T9HJ3CYX81S	0.0351	0.4359	0.2423	0.0885	0.1982
46GCN8C3Q3358	0.0044	0.0018	0.0047	0.004	0.9851
4BKAL7S1DNREZ	0.1731	0.0639	0.3376	0.0998	0.3256
6NMPKSQEF3M57	0.082	0.2125	0.0121	0.0334	0.66
3CMIES7UTA0SL	0.0084	0.0104	0.0104	0.0297	0.9411
395DOU7S4Z4L0	0.0158	0.0044	0.0314	0.0194	0.929
LBM49UCOQCXP	0.0072	0.004	0.0054	0.0134	0.97
5WXHB3RYQP0C8	0.265	0.0299	0.1609	0.0404	0.5038
6UQQ2ZYP0O3KG	0.0737	0.0584	0.0162	0.1642	0.6875
59HA11SIQ29Y8	0.0045	0.0086	0.0059	0.0029	0.9781
4BV1V6G6QAKFH	0.0344	0.0567	0.0136	0.0181	0.8772
1D4MXUE3I9156	0.0058	0.0057	0.0042	0.0054	0.9789
Z6DP9V51NMU4	0.1855	0.0673	0.0625	0.039	0.6457
5SZHSTAG4S8B3	0.0087	0.0299	0.0098	0.0099	0.9417
BE3DCPJJELS9	0.1333	0.0648	0.0784	0.2951	0.4284
53OBLW87N2VOL	0.0127	0.0129	0.0143	0.0159	0.9442
4DNYF5IQJK3L7	0.3466	0.0537	0.0453	0.2037	0.3507
6OOHTJ0M962PE	0.0359	0.2401	0.0077	0.1486	0.5677
2H3CZB2P6LM5P	0.1203	0.1637	0.386	0.0966	0.2334
3V6FV27N42MK5	0.0051	0.0038	0.0036	0.0085	0.979
6H3YVTSQ6IFET	0.0145	0.0638	0.0098	0.1059	0.806
4CMBNV78FI762	0.0416	0.0153	0.0146	0.0082	0.9203
1WA319THDSWSH	0.0021	0.0027	0.0045	0.0066	0.9841
328MT15GSDBRM	0.2047	0.0948	0.09	0.3348	0.2757
4OMIND8X95E5X	0.0095	0.0056	0.0255	0.0075	0.9519
6BAO3TQKN0B6Y	0.01	0.0053	0.0116	0.0103	0.9628
1WVY4HU8AKKH7	0.0222	0.0681	0.0285	0.0907	0.7905
2JQABBSXEFN6H	0.0066	0.0114	0.0027	0.0084	0.9709
2BJEG43Q8H23W	0.0469	0.0349	0.0471	0.0757	0.7954
3E1OQF6CQCSW	0.0357	0.0297	0.0265	0.0391	0.869
7CUMUUC55F5P7	0.0066	0.0153	0.0071	0.0215	0.9495
3YSKVVR0RJAMW	0.3368	0.0961	0.0668	0.1201	0.3802
5OJX6PQ7R1RIE	0.1511	0.0807	0.0272	0.0524	0.6886
737A748NOFIF5	0.0376	0.0666	0.0073	0.065	0.8235
6RQS5HXN6ECSH	0.2489	0.0351	0.1424	0.1728	0.4008
12387CEEUK4ON	0.0352	0.0309	0.0247	0.0339	0.8753
5G7J6C15FE4HD	0.0115	0.0175	0.0503	0.0294	0.8913
7GROQALOR0US9	0.0053	0.0035	0.0092	0.0086	0.9734
3GAHBBMRGV93E	0.0159	0.0486	0.0214	0.0671	0.847
5NEAUCCOHASQL	0.0139	0.0149	0.5198	0.0965	0.3549
4SHEQ88NTOX9M	0.0131	0.0045	0.0291	0.0091	0.9442
3Q2HX2RPGHYAE	0.0066	0.004	0.0061	0.0465	0.9368
3FBCPH2WUE8LU	0.0053	0.0037	0.0065	0.0053	0.9792
7ADYC77BHLFX1	0.026	0.0035	0.0095	0.0079	0.9531
HEK8TKT34NUN	0.0572	0.1004	0.1304	0.3076	0.4044
NG01HB3U66Z	0.216	0.0323	0.1895	0.0656	0.4966
2FBJJM6U3NQ34	0.1438	0.0744	0.2709	0.1968	0.3141
6MQOEDOBTZUL3	0.0261	0.0499	0.009	0.0387	0.8763
5OYLQHUA80D5O	0.0179	0.0058	0.0086	0.0098	0.9579
23F1HIC3TM5X	0.2529	0.1097	0.1376	0.0919	0.4079
12HBX3VX7BHIZ	0.103	0.0466	0.0143	0.1552	0.6809
5TPA5UR45VOML	0.2136	0.1818	0.3276	0.0231	0.2539
5BJ45PUAMTDLW	0.0617	0.062	0.0696	0.5098	0.2969
6IWYIR4KSXL4Y	0.1321	0.0384	0.0451	0.0569	0.7275
5V7KQUXMLJN7D	0.0446	0.0383	0.0117	0.0089	0.8965
6UAM2363CV4VT	0.0149	0.0137	0.0192	0.014	0.9382
5SNQU9P6F2V41	0.1474	0.1667	0.0999	0.1939	0.3921
WCJ3PGS1DN5P	0.4602	0.1663	0.0494	0.061	0.2631
1EHIWLXM0YOIU	0.108	0.0883	0.1198	0.3158	0.3681
1ML2F8WR2ADMC	0.0336	0.1947	0.0072	0.0542	0.7103
1C3XTEAKEI7O4	0.0778	0.025	0.0204	0.1008	0.776
3FM42NUD2IPH3	0.0074	0.007	0.0053	0.0085	0.9718
1MVBY57N3VKEB	0.02	0.0388	0.0144	0.1078	0.819
44RMMYY0OIG03	0.2462	0.0658	0.0174	0.0452	0.6254
2QJ73HRXBCXS9	0.0151	0.0239	0.0068	0.0042	0.95
29C29I5E1IKCJ	0.0064	0.0082	0.0099	0.0107	0.9648
4B33SRT0JMLZD	0.0082	0.0417	0.0133	0.1894	0.7474
ZIPXT6JB5D11	0.1452	0.0612	0.1415	0.0559	0.5962
705BV8T7NMHY4	0.0119	0.0186	0.0112	0.0093	0.949
5FQ3JYX5DKZUV	0.0682	0.1055	0.0512	0.1638	0.6113
54YYCD8CRHA6B	0.0207	0.0409	0.045	0.0871	0.8063
7F2GVQR1IWXJU	0.0223	0.0483	0.0481	0.1158	0.7655
3UJI0B0H12S4G	0.013	0.0583	0.0117	0.1214	0.7956
CP23X79K89W1	0.0274	0.1935	0.3125	0.0864	0.3802
5JCHHXOT4BAZ9	0.0302	0.0764	0.0138	0.0804	0.7992
1S4FL82AL4WTJ	0.0427	0.0873	0.1237	0.1235	0.6228
5Y6J304UY8HNJ	0.0592	0.0288	0.0161	0.081	0.8149
6D0H8DBCEWLF8	0.0375	0.0131	0.0167	0.0239	0.9088
4MM7608A7VXYS	0.0465	0.0143	0.0153	0.0209	0.903
4WVWO0PRWOV63	0.0147	0.0581	0.016	0.0901	0.8211
5QTO6A9XXTQ5I	0.0049	0.0048	0.0031	0.0066	0.9806
17QRX18F53JWF	0.0419	0.0817	0.0316	0.2535	0.5913
3934GJOEQNVP2	0.0118	0.0136	0.0189	0.0093	0.9464
59WSRYUZU2VN0	0.0249	0.018	0.0356	0.0093	0.9122
3YLK6MTBLU92O	0.0206	0.0118	0.008	0.0319	0.9277
609LQ68QFU4ON	0.0015	0.001	0.0013	0.001	0.9952
45H2N5WU936DD	0.136	0.0876	0.0487	0.0488	0.6789
6FGKH0Q1IXY7J	0.0064	0.0069	0.0079	0.0056	0.9732
1VGB35AS70E4B	0.0192	0.0123	0.0081	0.0096	0.9508
5PUN04ZNOLSKJ	0.0223	0.5055	0.038	0.0119	0.4223
5G8DDGZK2G4IV	0.0149	0.0271	0.0084	0.0988	0.8508
4T7XRHAV93MVA	0.0061	0.0042	0.0088	0.0182	0.9627
4UQBVEU8XIC7E	0.0151	0.0199	0.0136	0.0414	0.91
2C0ZZWA0FVV2D	0.0139	0.0545	0.0117	0.0428	0.8771
51LQT0KWC0IQR	0.0401	0.0527	0.0457	0.0659	0.7956
1KHEI32R0WDLD	0.0155	0.0223	0.1356	0.2326	0.594
4037J4NV0G19V	0.0557	0.1046	0.0123	0.0588	0.7686
2DMH3A7LQ2P50	0.0159	0.0044	0.0098	0.0851	0.8848
6E4IPE4XNAAVD	0.0066	0.0223	0.0076	0.0201	0.9434
6BIFKID42I9W3	0.0096	0.005	0.0046	0.006	0.9748
375WBE28VA0KM	0.0167	0.1311	0.0217	0.2135	0.617
4GIZ7YD33BCX6	0.054	0.0266	0.0262	0.0382	0.855
21WSJTP31ABYR	0.019	0.0185	0.0292	0.136	0.7973
2ZDD332U5CFE0	0.0447	0.1148	0.0871	0.2937	0.4597
71P50BXK3AG4O	0.0447	0.1161	0.0195	0.1023	0.7174
24T5ATV3J57KR	0.0256	0.0198	0.0206	0.0125	0.9215
4FEOTSB7RO0FE	0.1798	0.0367	0.0953	0.3674	0.3208
59YT6C9E0M5C2	0.2212	0.0859	0.0543	0.3128	0.3258
1KCZH79KLIYQ2	0.1292	0.0628	0.0195	0.0842	0.7043
42L7N84329WZW	0.1285	0.045	0.0106	0.0148	0.8011
4S6EJ4C8DSH7H	0.1833	0.059	0.0139	0.0603	0.6835
136A30E6LCXSZ	0.3744	0.1417	0.0331	0.0418	0.409
34BGJ2126PBR3	0.1906	0.1697	0.0282	0.012	0.5995
5FA2YRE43142T	0.0422	0.0408	0.0121	0.09	0.8149
7H5SG2373S7ML	0.1868	0.0605	0.0514	0.2606	0.4407
1SBGAGZZQTYDR	0.225	0.1361	0.0668	0.0456	0.5265
JKMVPWW8UGWM	0.0169	0.0374	0.0172	0.0482	0.8803
2ZE3UIROF5CIX	0.0095	0.0622	0.0131	0.0432	0.872
48GO7TG1MU774	0.0755	0.0342	0.1681	0.1489	0.5733
7PL0IQY6XYCCI	0.0133	0.0144	0.0129	0.0233	0.9361
5AWF83VEN367U	0.0355	0.0835	0.0474	0.2641	0.5695
7DHBSGB155D39	0.2334	0.1715	0.0617	0.3233	0.2101
72BQUZN59V0YB	0.0176	0.0581	0.0205	0.1711	0.7327
6MP3J14DSML9F	0.0545	0.0398	0.031	0.4093	0.4654
1O6SFS2MFQUQM	0.009	0.007	0.0036	0.0099	0.9705
5PH4KD89VMSQ2	0.0299	0.0398	0.0192	0.0305	0.8806
3I17PYF8OZ5XL	0.2481	0.0243	0.1776	0.3792	0.1708
6GELYL37F3BLY	0.0333	0.1385	0.3302	0.0178	0.4802
2BU5WIYHC36TW	0.1526	0.0451	0.0637	0.4761	0.2625
MHWWTAM6WZ4J	0.0225	0.2201	0.4948	0.0044	0.2582
53DKBXK2AG2O3	0.1896	0.0653	0.3517	0.067	0.3264
G76F815Q42FF	0.0199	0.002	0.0041	0.0133	0.9607
23DCV9G8L24XK	0.0721	0.036	0.0316	0.013	0.8473
XPKGOVPEM6TO	0.0128	0.0113	0.0195	0.0132	0.9432
NS1PRQW9AFO8	0.0437	0.242	0.1154	0.0713	0.5276
2LUJ5QCSFIJV5	0.1445	0.4924	0.0165	0.0123	0.3343
5PPDOW4RQOPSZ	0.1027	0.0842	0.0126	0.018	0.7825
3YNKHS4EWVUWZ	0.0083	0.0055	0.0035	0.0064	0.9763
4JSCKFTX7LYAD	0.0418	0.1513	0.3667	0.1594	0.2808
7G5O8UPIZQAT8	0.0351	0.037	0.0105	0.0062	0.9112
1S76NT285ZFSR	0.0381	0.0143	0.0221	0.0084	0.9171
4FKXN5WMBOBO0	0.0057	0.0046	0.0082	0.0104	0.9711
57I1KQV9JMSZH	0.029	0.0109	0.0122	0.1535	0.7944
3ZZV6JXSVT5AS	0.0196	0.0255	0.004	0.0086	0.9423
TQ9CY2SEP8UO	0.002	0.0017	0.0026	0.0032	0.9905
3SVCXAC8Z71N0	0.0016	0.0016	0.0038	0.0078	0.9852
6BIXBKQDDJW4M	0.0065	0.0062	0.0044	0.0032	0.9797
68WU6OYJSRV5C	0.4662	0.1333	0.0206	0.0307	0.3492
YFUO0SXM8X8G	0.008	0.5285	0.0057	0.0225	0.4353
1PQUI0F8YOFYT	0.0109	0.0019	0.004	0.0069	0.9763
GRYHDYIS1QVR	0.1573	0.0277	0.1944	0.0565	0.5641
177EZ8ZBPWS5A	0.0122	0.0133	0.0315	0.0093	0.9337
6S4SCC2AAEYVH	0.0075	0.0228	0.0141	0.0084	0.9472
1V64ZY9GIOA8X	0.0221	0.061	0.0098	0.081	0.8261
4WAMUSF5JPKH8	0.0247	0.035	0.0258	0.135	0.7795
762JX2BABGESR	0.0179	0.0076	0.2859	0.3149	0.3737
7EYMS3NQ38FC8	0.1008	0.1502	0.1079	0.285	0.3561
704U0YCNH37UU	0.0123	0.0125	0.0089	0.296	0.6703
13F9YYZIQ7S0T	0.0098	0.0158	0.0282	0.0124	0.9338
775F6UOW0CULC	0.0089	0.0212	0.1595	0.0326	0.7778
10Y74YR04LIWP	0.1376	0.2683	0.0285	0.251	0.3146
31LCLFGG8URDP	0.0172	0.0052	0.0135	0.0154	0.9487
10QFRI7RKL82B	0.1554	0.041	0.022	0.6197	0.1619
WUMEK0BJU2CP	0.0404	0.091	0.25	0.1484	0.4702
48E62DOE59B9J	0.0062	0.0038	0.0109	0.004	0.9751
4I916F2U2ZMCC	0.0069	0.0053	0.0193	0.0123	0.9562
38UMEVJMSCBKI	0.1071	0.0497	0.1889	0.3531	0.3012
3Q3372HU0ABA9	0.0245	0.033	0.0097	0.0545	0.8783
5YLYHG12KHOAH	0.2664	0.0242	0.0938	0.3486	0.267
3T4P63FFKKLT2	0.0174	0.0436	0.0109	0.0434	0.8847
5KPYDXY6MPV0M	0.1249	0.2302	0.0187	0.1139	0.5123
5Q4863B4D8ZS8	0.0016	0.0083	0.0019	0.0041	0.9841
7PDUFA52XQEHZ	0.009	0.026	0.0062	0.0477	0.9111
6F1E2Y5EVG2GZ	0.0213	0.0411	0.0102	0.1392	0.7882
55ROQ1H2F5YW	0.0226	0.0587	0.0341	0.0359	0.8487
4U6H6K7W79Y7Q	0.0165	0.1093	0.4822	0.0895	0.3025
30JT9UEII1XV5	0.0071	0.006	0.0033	0.0038	0.9798
1FKHCKNTEIEQL	0.2086	0.0507	0.0213	0.0206	0.6988
1RFF41XX5Q6TN	0.1221	0.2139	0.0592	0.1681	0.4367
1G68WVBP2JBNZ	0.004	0.0018	0.0037	0.0034	0.9871
6P8FOJZKO1R48	0.0189	0.2559	0.2785	0.0099	0.4368
43PI4M999EXCF	0.0095	0.0178	0.004	0.0022	0.9665
76U5ZDGVLP3MT	0.0063	0.0022	0.0024	0.0061	0.983
1BWC4RVT4RA9T	0.0185	0.053	0.0241	0.069	0.8354
444RYE3GA5VZK	0.1102	0.0427	0.0668	0.3572	0.4231
2U6ZVSTMHYT8	0.0641	0.0361	0.1994	0.4107	0.2897
1CU4HSUXDE7BK	0.0104	0.0056	0.004	0.0031	0.9769
5009PMNB1TOO4	0.0159	0.0803	0.0056	0.1479	0.7503
7B2TF5GA2H9MM	0.1438	0.0904	0.0568	0.2171	0.4919
40P83SNBN893N	0.0155	0.1572	0.0155	0.0391	0.7727
2GCTY20HR6WK1	0.1003	0.5093	0.1086	0.0166	0.2652
4OJRKS8ZOAV6P	0.0227	0.0571	0.0182	0.0135	0.8885
2V6MLZ89HUG6O	0.2409	0.1103	0.0716	0.1688	0.4084
7DMTXMAWAUF1P	0.1022	0.2844	0.1682	0.0481	0.3971
2I554T9M56EV5	0.0055	0.0008	0.0012	0.0047	0.9878
1CW4W69BJXH0M	0.0398	0.0721	0.3603	0.1624	0.3654
1NNA74A11PKR	0.0139	0.0092	0.0072	0.018	0.9517
1O9JID2K0LDPU	0.0021	0.0013	0.0034	0.0021	0.9911
TOOHLIUDBZJ0	0.413	0.2558	0.0546	0.0108	0.2658
5LPHB5LQ6ZEU4	0.0066	0.0069	0.0182	0.0482	0.9201
57PK12680DGS8	0.0068	0.0169	0.0051	0.0141	0.9571
1FLKDMR79CDYZ	0.0238	0.0753	0.0159	0.0891	0.7959
34R874BTDZKHI	0.0097	0.0136	0.5357	0.123	0.318
1KEWCNB3JBHNS	0.0118	0.0135	0.0058	0.0026	0.9663
7NRA7M0SX7XC7	0.1043	0.1276	0.3212	0.1196	0.3273
6A1MBXDOFGTVN	0.036	0.0439	0.0356	0.0312	0.8533
2P3NL2LCGJI6P	0.109	0.1134	0.0654	0.1269	0.5853
1NL0VHEQRPXT8	0.2212	0.1032	0.0291	0.0179	0.6286
61BDYWIY9WL8U	0.148	0.0813	0.0377	0.0444	0.6886
5QTF5WYCZ2F94	0.0438	0.0101	0.0491	0.0171	0.8799
2PUXAJ93A9H2J	0.0269	0.0849	0.0249	0.0413	0.822
VY3DUHOS70PB	0.018	0.019	0.011	0.0303	0.9217
7AR7UTQF7ASPV	0.0063	0.0036	0.0133	0.0792	0.8976
2UBC3RRQB1XWQ	0.013	0.0063	0.0114	0.01	0.9593
D15FBADQGD1B	0.014	0.0726	0.0085	0.142	0.7629
UG747EVABLGH	0.0103	0.0117	0.0205	0.0629	0.8946
6U2CUC6AMBJY5	0.0109	0.0178	0.0064	0.0087	0.9562
79NRNSMYIPG9L	0.1209	0.0261	0.0264	0.1329	0.6937
4QMLAT4L2MV66	0.0026	0.0032	0.0068	0.0025	0.9849
5L17I72W5VY4E	0.0128	0.0215	0.0096	0.1246	0.8315
1PD38BIVXXGXG	0.3421	0.0523	0.0258	0.0149	0.5649
3CN967WP32XXI	0.011	0.0098	0.0141	0.0049	0.9602
YLLN3XRZPYDS	0.0004	0.0003	0.0003	0.0027	0.9963
6S2VGW0RCMFXR	0.0175	0.0556	0.0096	0.1036	0.8137
3JWIWFWKR2U9K	0.0105	0.0038	0.0066	0.013	0.9661
5PKMB5TQUSKZG	0.0078	0.0176	0.0529	0.0062	0.9155
5WYNIC7YA69ZS	0.3252	0.086	0.059	0.146	0.3838
5I8OY23HZ78KR	0.0319	0.0509	0.0186	0.1006	0.798
66WRG0ZL3SQAC	0.0641	0.0053	0.0035	0.0215	0.9056
7RGX2G8YFC1J3	0.0422	0.0583	0.0389	0.3614	0.4992
2LO3QH57TLVAS	0.0245	0.1262	0.0108	0.042	0.7965
73EGAL1RONG9O	0.0116	0.0104	0.004	0.0052	0.9688
6QWKRKNSPXHLO	0.0195	0.0172	0.0135	0.0413	0.9085
24N5BDEO6WVJ1	0.0055	0.0037	0.007	0.0077	0.9761
MYRLXOR9173C	0.0395	0.0751	0.0256	0.1107	0.7491
63AMF7G7GC27L	0.0185	0.0303	0.0241	0.059	0.8681
3JORIZDC72JF6	0.0256	0.0104	0.0143	0.0305	0.9192
2932DJK1WNQ4P	0.5716	0.1189	0.0346	0.0793	0.1956
42M1UD2HPBX1E	0.0442	0.0945	0.0184	0.0585	0.7844
445IMLOZOH59Q	0.02	0.0387	0.0047	0.0213	0.9153
OIHBBJJBG2DB	0.0343	0.0734	0.0054	0.0049	0.882
5AREX8C3NXECO	0.0133	0.071	0.0085	0.0788	0.8284
49Q7U09I0WYLP	0.0264	0.0267	0.0261	0.1034	0.8174
5S5PUORQXZPMX	0.0052	0.0172	0.018	0.0073	0.9523
1X6YETTYLYOE3	0.0824	0.032	0.0117	0.0198	0.8541
1E06D72WSB6GR	0.0884	0.1057	0.111	0.1677	0.5272
1RQX5GAWS5WZ2	0.0109	0.0093	0.0059	0.0078	0.9661
5QFNW81ZYBG7R	0.1666	0.042	0.0411	0.3085	0.4418
23GUM21PK7X6Y	0.0184	0.0185	0.0096	0.0223	0.9312
4I616OUMEVGBH	0.0242	0.0749	0.031	0.0155	0.8544
4IHVO5SRDBK9V	0.0035	0.0031	0.0028	0.0035	0.9871
22NBL2RAGP1KF	0.0303	0.0549	0.0174	0.0183	0.8791
3U7YS2OXJM11	0.0147	0.0352	0.0079	0.0503	0.8919
1IF621XA6CQLR	0.0739	0.1173	0.0114	0.1277	0.6697
1D7VUPUL9MU7O	0.0022	0.002	0.003	0.0022	0.9906
3QIUV4SL7KK0O	0.0307	0.0163	0.0108	0.0498	0.8924
33KFNIIAKRC25	0.2528	0.0467	0.033	0.0737	0.5938
2FMSNVBJMTT6W	0.0434	0.0228	0.0197	0.0138	0.9003
37JWLGA6USAID	0.1798	0.0787	0.066	0.245	0.4305
6VJWR4R9NO98R	0.0188	0.0058	0.0815	0.0477	0.8462
66M062BFR5X9U	0.1651	0.1701	0.1799	0.0801	0.4048
7RJF7W0LWWXGO	0.0233	0.0949	0.0128	0.0644	0.8046
FBE5Y7D89XWY	0.0184	0.0186	0.0151	0.0126	0.9353
6LG1R4RHL33Y4	0.1183	0.4146	0.0223	0.2729	0.1719
4QLUMLJ1OBLW0	0.3203	0.0446	0.0698	0.1508	0.4145
5OQUD1B1O02BA	0.0169	0.0676	0.0191	0.1072	0.7892
4XJ3CP1X7GOSO	0.0291	0.0274	0.057	0.0249	0.8616
4AKPFXT4DEGA	0.0194	0.0922	0.0383	0.1793	0.6708
7D12A3JPRBU9K	0.1979	0.0224	0.0229	0.2918	0.465
OPZRMUHS6Q62	0.0034	0.0011	0.0044	0.0024	0.9887
4Z4WW5KNTNWOA	0.0235	0.1472	0.1971	0.2705	0.3617
10TXIAT8JR0BP	0.0136	0.0227	0.0086	0.0132	0.9419
769E0FMTF9318	0.0191	0.0218	0.0285	0.19	0.7406
2RAT910TH3AH2	0.0662	0.0365	0.0101	0.1176	0.7696
4LFEMEERENPJF	0.019	0.0378	0.2439	0.0622	0.6371
1BPT0054XMWP	0.0192	0.0325	0.0156	0.0534	0.8793
UW7PEXWKVH8J	0.0135	0.0091	0.0118	0.0132	0.9524
4U6H3C4LBSACZ	0.0132	0.0247	0.0123	0.009	0.9408
1I5897PQUBH2	0.3722	0.0505	0.123	0.2367	0.2176
4XW3Y6CQTWEJV	0.054	0.066	0.0291	0.0786	0.7723
4YG7NEAOIW3FX	0.0447	0.1383	0.0675	0.0564	0.6931
3EANL0ZDQNF4S	0.0273	0.038	0.0082	0.091	0.8355
6WFXXJTC8S0SV	0.0703	0.0583	0.0801	0.1361	0.6552
6OVEZULG64DIA	0.0039	0.0038	0.0045	0.0053	0.9825
5AVC71S0S96ZG	0.1516	0.0944	0.1146	0.4205	0.2189
5WLMTMTTS8WDU	0.0149	0.0186	0.0202	0.033	0.9133
57FYV3URBQ9KJ	0.0597	0.0954	0.1072	0.2551	0.4826
RFFCBFOD3AZ6	0.0216	0.0187	0.0051	0.0352	0.9194
G50MMRCP1WG2	0.02	0.0402	0.0145	0.0517	0.8736
5SDHBDEADHOC2	0.1259	0.0614	0.053	0.2524	0.5073
QNT6S6S7CYAD	0.0029	0.0018	0.0072	0.0077	0.9804
6DO971DM9GS1O	0.0145	0.0154	0.0113	0.0068	0.952
30BB869QJQDQL	0.1371	0.0244	0.1008	0.2323	0.5054
4G3PAYFL72QFA	0.0419	0.0499	0.0368	0.1265	0.7449
DBWSI1TYKTWK	0.0183	0.3735	0.0356	0.0501	0.5225
UNPKIPTR2998	0.0137	0.0038	0.0124	0.167	0.8031
3HBFCWYKNVPM3	0.0026	0.0025	0.0035	0.0025	0.9889
3A15Y41KMT93H	0.0141	0.0184	0.0147	0.2909	0.6619
2HFP7UE3G3CCM	0.0614	0.0544	0.1876	0.2384	0.4582
7CLAM18YK1LJ5	0.0239	0.1566	0.0245	0.0319	0.7631
4FCFLHRUDCRJG	0.0146	0.0522	0.0287	0.0412	0.8633
1KWXC88J0EN4W	0.0782	0.1049	0.1967	0.3058	0.3144
30XWZLW0UTAPH	0.0042	0.0101	0.003	0.0073	0.9754
KOOCQQHH86CR	0.0617	0.0277	0.2542	0.1763	0.4801
30I5BJL9NJ1Z2	0.1352	0.0713	0.1418	0.2897	0.362
57WHALUCSTFFV	0.1909	0.0974	0.0649	0.4366	0.2102
66U9AL7XM7UCR	0.0133	0.0117	0.0054	0.0101	0.9595
7OE7Z54O4Q3X5	0.0376	0.0209	0.0104	0.0257	0.9054
MNF1ZAHCM12Z	0.3322	0.0708	0.1257	0.077	0.3943
HE7VZ2YMLXWF	0.002	0.0012	0.0061	0.0014	0.9893
79ROXM2VN18WD	0.1239	0.3094	0.0425	0.0521	0.4721
1WRM6KACOCS6B	0.0179	0.1726	0.4542	0.0883	0.267
6MIX0X539ZJQP	0.0239	0.1467	0.0112	0.1924	0.6258
5RA9Y9FSWOB2O	0.02	0.0499	0.0082	0.0439	0.878
4F7O4JDILYYV6	0.0278	0.0077	0.0085	0.0125	0.9435
4QM3JQRBRL8XN	0.3857	0.1645	0.1553	0.0643	0.2302
34CJK44G1JAZH	0.0364	0.0618	0.0127	0.0629	0.8262
346G4YEGC1W16	0.0113	0.0029	0.0077	0.0084	0.9697
NLPGOVXC11J1	0.1805	0.2433	0.1335	0.1137	0.329
11C7BSVN8M4ZP	0.01	0.0087	0.0141	0.0082	0.959
6FO2XC0ZZOM0A	0.0242	0.1045	0.0455	0.0498	0.776
QF27YTQ5RR46	0.0475	0.1766	0.408	0.0228	0.3451
574J4Z3VQNT50	0.0245	0.0392	0.0091	0.0565	0.8707
1BJ5UGGI8272J	0.327	0.225	0.028	0.072	0.348
EW7RVMQKS26E	0.0939	0.0201	0.0369	0.4052	0.4439
3VKAKGDKI2OI3	0.0304	0.1008	0.0165	0.1683	0.684
2MS57HYT1ZKQX	0.0259	0.0999	0.0147	0.2167	0.6428
3WWL986YGZYVW	0.0222	0.0493	0.0137	0.1513	0.7635
5EUBAP3CVQVCE	0.1025	0.0796	0.0794	0.3519	0.3866
4TAFWX2IQOISV	0.0338	0.0653	0.0208	0.0648	0.8153
3O2F9MW1N0HA5	0.0284	0.031	0.0205	0.0282	0.8919
2MYKMR6DNW9BA	0.3152	0.1818	0.0631	0.0337	0.4062
5TH0Y3RBFC3OX	0.0402	0.2151	0.1074	0.0655	0.5718
5K4XHUVUD07DE	0.2249	0.0514	0.1024	0.3439	0.2774
18P2BQTV4IKCH	0.0025	0.0026	0.0021	0.0069	0.9859
690TZ66CIPQT1	0.1074	0.0679	0.2505	0.0449	0.5293
65MYZX15HXZOV	0.139	0.2547	0.054	0.2667	0.2856
2X09U5WCPF8MK	0.0571	0.0399	0.088	0.0645	0.7505
2ANV3ZI7TWKN2	0.0027	0.0042	0.0022	0.0029	0.988
19MRJOSHFMVNF	0.0406	0.0536	0.1135	0.4871	0.3052
1XG4WO1GSPVXO	0.0783	0.0921	0.0112	0.0987	0.7197
AEYRI5OWXLAP	0.0022	0.0006	0.0015	0.0016	0.9941
3W4Z3OY2B9M73	0.0304	0.0508	0.0099	0.0166	0.8923
66DQYBBN0MCC6	0.0689	0.1467	0.2377	0.2735	0.2732